 -9.9008926e-002  2.8182375e-001  4.5161787e-001  7.1174405e-001  8.5449298e-001  1.0906723e+000  8.2522411e-001  1.0764331e+000  7.9466342e-001  1.0874449e+000  8.2454903e-001  8.6532499e-001  4.8203018e-001  4.7678698e-001  1.0314566e-001 -2.0215762e-001 -2.3349876e-001 -4.2911452e-001 -7.3509501e-001 -9.4552501e-001 -7.2608323e-001 -8.5837554e-001 -9.1425997e-001 -1.0035307e+000 -7.3143373e-001 -6.8718725e-001 -5.0550099e-001 -5.6000241e-001 -1.0627641e-001  1.0338187e-001
 -8.5795762e-003  1.5340527e-001  4.3893837e-001  6.5372124e-001  7.4880610e-001  7.9950241e-001  9.5420109e-001  1.1166411e+000  1.0290334e+000  8.1527791e-001  8.9279279e-001  6.3803062e-001  5.7142686e-001  3.9558009e-001  4.1130333e-002  2.3086535e-001 -2.4857799e-001 -3.5915772e-001 -7.9409220e-001 -7.9516752e-001 -8.4168495e-001 -9.9570573e-001 -9.9847154e-001 -1.0851580e+000 -8.7473348e-001 -7.3194782e-001 -5.4270382e-001 -5.3193057e-001 -2.3201743e-001  8.5324049e-002
 -3.7097287e-002 -9.5426879e-003 -1.3886643e-002  1.0338822e-001  4.6737082e-002  2.2931939e-001  2.0264348e-001 -2.6346206e-002 -1.7360389e-001  3.3425017e-002  1.0721700e-002  7.5468633e-002 -3.4541216e-002  5.5887571e-002  5.7947934e-002  5.0129537e-002  8.1637162e-002 -2.5165186e-002 -6.3578151e-002  1.7741379e-001 -3.0149278e-003  1.0872455e-001  3.5772649e-002 -2.0112646e-002  1.9919751e-001 -3.4548313e-002  1.3891607e-001  7.7240274e-002 -6.8935822e-002  1.4416362e-002
  3.4564722e-002  1.1011163e-002 -5.3026861e-002 -5.1983061e-002  1.6657483e-001 -6.5810464e-002  7.7218838e-002  1.2885698e-001 -1.2927390e-002  2.0956042e-001  8.8247012e-002 -3.7333608e-002  4.4995591e-002 -1.5728308e-002 -3.4509715e-002  7.1472415e-003  1.3662393e-001  4.6528294e-002  7.6540684e-002 -9.8039794e-002 -1.9693768e-001 -5.9268681e-002 -1.7093028e-002  7.0016520e-002  1.0117722e-002  1.7232960e-002 -1.3154574e-001 -1.0287959e-002  5.9792714e-003  7.0327598e-002
  1.0887044e-001  5.4063784e-001  7.2893630e-001  9.5504966e-001  1.0008572e+000  8.4197026e-001  4.3789939e-001  1.0703053e-001 -3.4588577e-001 -6.9906808e-001 -8.4763958e-001 -8.8978136e-001 -9.1363452e-001 -6.4022930e-001 -2.1668711e-001  2.6944278e-001  4.1593053e-001  8.8777572e-001  8.6197137e-001  1.0497126e+000  8.0385283e-001  3.4789912e-001 -1.2724499e-001 -4.9897700e-001 -9.0786778e-001 -1.0864699e+000 -1.0801338e+000 -7.6391233e-001 -2.5953174e-001 -7.4231040e-002
  1.8383613e-001  3.3442732e-001  8.7713392e-001  8.6690531e-001  8.8273263e-001  9.0606656e-001  6.2342640e-001  1.9486274e-001 -5.2498914e-001 -6.8934095e-001 -9.8228265e-001 -1.1362139e+000 -9.1912000e-001 -4.8527113e-001 -3.7251304e-001  2.3892059e-001  9.0711964e-001  9.2377072e-001  1.0566767e+000  8.2863806e-001  6.2954405e-001  1.8898386e-001 -2.3383748e-001 -6.8943198e-001 -9.4128138e-001 -1.1390821e+000 -9.2718581e-001 -5.9761583e-001 -3.6277635e-001 -2.0503215e-002
  4.7431540e-002 -8.4839388e-002 -6.2031092e-002 -1.2533076e-001  9.5618068e-002 -1.5393497e-003  5.5802596e-002 -9.0204547e-002 -5.8619536e-002  1.6768944e-004  2.5555458e-003  6.7314154e-003 -9.7649313e-002  1.0442628e-001  3.4537741e-002 -2.4838994e-002 -2.4905909e-002 -7.2565647e-002  5.1494748e-002  4.8903013e-002 -1.6537592e-001  3.5627300e-002  6.4737148e-002 -9.7252287e-002  1.5411982e-001  1.4540341e-002  1.5763377e-001 -6.6051623e-002 -1.0299403e-001  8.8993476e-002
 -1.8085800e-001  4.0033195e-001  7.7384841e-001  8.9313191e-001  9.4209912e-001  7.4817536e-001  5.3884878e-001  1.0055977e-001 -5.0164676e-001 -7.4521572e-001 -1.0024780e+000 -1.3560512e+000 -8.6151591e-001 -6.9878180e-001 -7.5828039e-002  7.8114948e-002  5.7581861e-001  6.8709405e-001  9.9391737e-001  9.2240158e-001  7.4404600e-001  2.9307711e-001 -6.0574554e-002 -3.5461266e-001 -7.9671061e-001 -1.0721687e+000 -8.2177499e-001 -7.0723769e-001 -4.9685559e-001 -1.4710055e-002
  2.3214493e-002 -4.4807315e-002  6.6283523e-002  1.1270454e-002 -1.4046182e-001 -1.8865140e-001 -6.3265776e-002 -6.1588914e-002 -8.5553906e-003 -3.5858251e-002  7.2537536e-002 -1.8293774e-001  2.2287555e-002  2.2840813e-002  1.0634614e-001 -6.5926180e-002  4.1052162e-002  3.0277137e-002 -6.4400963e-002 -1.1287337e-001 -7.2793040e-002  3.1437438e-002 -1.0570778e-001 -1.6361264e-001  6.4957862e-002  7.6251167e-002  1.8867685e-001 -5.2550883e-003 -4.2055818e-002  3.4426181e-002
 -1.3328118e-001  1.1247369e-001  2.2828845e-002 -2.7103750e-002  1.2467354e-001  1.0868959e-001  7.1983758e-003  6.7597547e-002  3.4578095e-001  1.4726517e-001  3.1677646e-002 -8.2242121e-002  1.1092322e-001 -2.0562425e-001 -1.0587757e-002 -1.4793293e-002  3.7537391e-002  1.2035564e-002 -6.3487753e-002  1.6798587e-001  9.5312330e-002 -4.6272704e-002  1.2899291e-001 -1.2117579e-001 -7.6751716e-002  9.1180363e-002  8.0131552e-002 -9.4428533e-002 -1.4683911e-001  1.9388308e-002
 -5.7959525e-004  3.5067739e-001  7.1571788e-001  1.0397999e+000  9.0557168e-001  6.5527323e-001  6.1139898e-001  1.0723663e-002 -3.1900990e-001 -5.9179522e-001 -8.7538619e-001 -1.0591140e+000 -1.0449259e+000 -7.7413602e-001 -2.7838804e-001  1.6054352e-001  6.7534991e-001  7.6246456e-001  9.4181466e-001  9.4840991e-001  6.2212777e-001  2.9457740e-001 -6.4959433e-003 -4.5265143e-001 -9.7566444e-001 -1.0462197e+000 -9.5393989e-001 -7.0527846e-001 -3.5256961e-001  6.1524990e-002
 -7.8473840e-002  4.1472745e-001  7.0753072e-001  8.9660092e-001  9.9479835e-001  1.0387344e+000  4.3573677e-001 -1.2838297e-002 -2.9077504e-001 -6.5447655e-001 -7.7980772e-001 -9.2760869e-001 -8.8705436e-001 -5.9324160e-001 -2.0425473e-001  2.5329051e-001  5.6957228e-001  8.7747480e-001  1.0326341e+000  1.1030709e+000  6.7091442e-001  3.4142145e-001 -4.4513303e-002 -7.7766268e-001 -7.9768510e-001 -1.0171687e+000 -1.2063461e+000 -7.6568493e-001 -4.5098512e-001  2.4943088e-002
 -3.1452587e-002  4.5381204e-001  6.0037606e-001  9.0516795e-001  9.4615180e-001  1.0080752e+000  5.7277210e-001  1.1645200e-001 -1.9248064e-001 -5.5386406e-001 -8.7009859e-001 -9.7914484e-001 -8.2586017e-001 -5.1161678e-001 -4.0980375e-001  2.2786122e-001  5.0267874e-001  9.5173911e-001  9.9874403e-001  9.7663594e-001  8.4566595e-001  4.1077425e-001 -4.6622002e-002 -5.1874403e-001 -9.7694556e-001 -1.1117005e+000 -8.3260878e-001 -8.1609934e-001 -4.2858497e-001 -5.1660196e-002
 -1.0714154e-001  5.3452584e-001  8.9784863e-001  8.6293188e-001  8.9704402e-001  8.1620941e-001  4.5876842e-001  9.5875432e-002 -2.1569448e-001 -5.7670186e-001 -9.7976116e-001 -1.0219404e+000 -9.5093234e-001 -4.4158848e-001 -9.8036966e-002  7.0684575e-003  3.4778208e-001  9.5965622e-001  8.8559110e-001  8.8693464e-001  5.4177802e-001  3.3877337e-001  2.9788085e-002 -6.2718593e-001 -7.9544131e-001 -8.8124756e-001 -8.9139448e-001 -7.6007728e-001 -5.5778637e-001  7.0212061e-003
 -6.9812342e-002  1.6962957e-001 -8.6433286e-002  1.3317858e-001  9.1994931e-002  1.5313604e-001  2.4345678e-001 -3.6842743e-002  1.3953973e-001  1.4182727e-002 -8.0065296e-002 -7.6900334e-002  3.9430174e-002  9.8627988e-002  2.0038236e-002 -1.2639731e-002  8.8968656e-002 -1.6719811e-001  5.6510847e-002  1.7425701e-001 -1.6689760e-001 -7.2821009e-002 -1.2132281e-001  1.0360425e-001 -2.9109450e-002  8.6791539e-002 -9.3169558e-002 -1.2525787e-001 -1.5249817e-001  3.6055517e-002
 -8.5378432e-002  1.6256586e-001  5.8010219e-001  7.3520999e-001  6.0740369e-001  8.1896471e-001  8.2779331e-001  1.0123692e+000  9.5950964e-001  1.0090564e+000  6.9202390e-001  5.1888172e-001  4.2204873e-001  2.4287557e-001  7.0466938e-002 -8.5725595e-002 -3.5476853e-001 -4.8748416e-001 -8.1478922e-001 -7.9547534e-001 -9.6839087e-001 -1.0569785e+000 -7.7095857e-001 -9.9058549e-001 -9.4855503e-001 -7.8381716e-001 -5.7304069e-001 -3.3319353e-001  2.2784310e-002  1.6723341e-002
 -1.3729345e-001 -1.0589864e-001  1.2401709e-001  3.7578184e-002 -7.1696146e-002  4.3727585e-002  7.1398571e-002 -8.0623250e-002 -1.2781151e-001 -8.1722539e-002 -2.3264714e-002  1.0417432e-001  4.5968265e-002 -1.6759593e-001 -1.6904670e-001 -3.5819163e-002 -1.8561566e-001  7.7326150e-002  1.0487598e-001  1.2018408e-001  6.8258624e-003  3.7680845e-002 -6.5788622e-002  2.1834939e-001  1.7064412e-001  1.5150473e-001 -8.1392912e-003 -8.4327470e-002  1.3881094e-001  6.7127690e-002
 -9.7379794e-002  6.9896272e-002  3.3214781e-001  4.6556553e-001  7.7941149e-001  8.9991468e-001  8.9308037e-001  1.0998015e+000  9.6297565e-001  9.0821336e-001  7.2624594e-001  5.4988121e-001  4.0991797e-001  2.8654428e-001  4.5908238e-002 -1.9378256e-001 -4.5678023e-001 -5.2873760e-001 -6.4777972e-001 -9.0120933e-001 -1.0358753e+000 -1.1086033e+000 -1.0534715e+000 -1.0863107e+000 -7.3176432e-001 -8.7499507e-001 -7.1027432e-001 -4.8648691e-001 -2.9300607e-001  8.4903057e-002
  7.7328777e-002 -1.0746481e-001  2.5509326e-002 -9.9878412e-002  2.6189435e-002  2.9853198e-002  4.6544849e-002  3.2903727e-002  1.0026852e-002  9.2573871e-002 -6.3333227e-002 -8.0342766e-002 -5.8341219e-003  2.4877605e-002  1.8069674e-001  4.0675817e-002  1.2513740e-002 -2.4506051e-001  2.1052634e-001 -2.4299046e-002 -2.8545427e-002 -3.1538968e-002  9.6274923e-002 -2.0942822e-002  4.8993210e-002  9.4645266e-003 -2.7143029e-002 -3.2691005e-002 -3.2711698e-002 -7.2153119e-002
 -3.7540316e-002  1.4139801e-002  2.0469245e-001 -1.0318095e-001  1.4028240e-001  1.5656628e-001 -1.1570930e-001  1.5474198e-002 -1.1882245e-001  2.6126132e-002 -4.6328180e-002 -1.6553397e-001  4.4208562e-003 -6.8771710e-003 -1.0855155e-001  2.1879664e-001  1.2520314e-002  1.2754649e-001 -5.0533226e-003  9.3237147e-002 -4.9679257e-002  5.1285882e-002 -6.3725847e-002 -1.4510304e-001  1.1055495e-002 -9.6443095e-002 -1.7548974e-001  3.4470195e-002  4.7800095e-002 -3.7945908e-002
 -1.2053248e-001  1.1653690e-001  4.9964249e-001  6.7527240e-001  9.6350969e-001  8.2498740e-001  9.9942271e-001  1.1106199e+000  9.3139556e-001  9.6692175e-001  1.1071998e+000  5.5733247e-001  4.5559827e-001  3.0188769e-001  1.7627812e-001 -9.2402410e-002 -2.4653587e-001 -4.7549749e-001 -4.6706635e-001 -7.2396232e-001 -8.8178015e-001 -1.1552511e+000 -1.0440817e+000 -9.4361395e-001 -7.2292003e-001 -7.2996396e-001 -6.5358838e-001 -4.8477195e-001 -2.3465724e-001 -1.0194135e-001
  5.2181843e-002  3.7056048e-001  6.9723608e-001  9.0381539e-001  8.0949389e-001  8.9249232e-001  5.2234588e-001  7.6181820e-002 -1.8668609e-001 -6.9096983e-001 -9.5200981e-001 -1.0078468e+000 -7.7676718e-001 -5.2718820e-001 -3.5268098e-001  2.8532316e-001  4.8250065e-001  9.0350788e-001  1.1276573e+000  9.2297194e-001  7.3566826e-001  3.8271418e-001  3.7026489e-002 -5.3487831e-001 -9.9579025e-001 -9.0976276e-001 -8.5978370e-001 -8.8514866e-001 -3.9728062e-001 -2.0140670e-001
  5.1867730e-002  3.0196126e-001  5.6153653e-001  5.6916441e-001  7.0109575e-001  7.9565409e-001  9.3610588e-001  1.0099131e+000  8.8835581e-001  9.3493049e-001  7.9065832e-001  7.0242880e-001  5.6664657e-001  4.0410506e-001  1.8282499e-001 -1.8603443e-001 -3.8764858e-001 -6.2765697e-001 -5.5729675e-001 -6.7909483e-001 -8.8846937e-001 -9.5895329e-001 -9.3400102e-001 -1.0168765e+000 -9.4954856e-001 -7.3743913e-001 -6.0172664e-001 -3.6441520e-001 -1.9173573e-001 -1.5993565e-001
  7.1521528e-004  4.2049026e-002 -1.0816579e-001  9.0738924e-002 -1.5730378e-001  1.4831963e-002 -2.4729099e-002 -6.4256183e-002 -3.2589580e-002  4.5457035e-002  1.0788754e-003  1.1873600e-002 -4.9862332e-002  9.5723605e-002  7.4635043e-002 -9.0509706e-005 -1.7299655e-001 -5.1563252e-002  3.9897844e-003 -1.1809120e-001 -1.0237612e-001  2.1825025e-001 -4.9582330e-002  1.3320402e-001  7.4432584e-002  5.8475822e-002 -2.6544506e-003 -1.1717697e-002 -3.6752742e-002 -1.4458047e-001
  2.1245279e-001  2.7933608e-001  3.3816288e-001  5.0498659e-001  8.0125423e-001  8.0825600e-001  8.9553338e-001  1.0646927e+000  1.1152497e+000  8.6600788e-001  5.5969868e-001  6.3349717e-001  5.4286111e-001  4.1208347e-001  1.2715012e-001 -1.2498704e-001 -4.4692471e-001 -4.9915349e-001 -6.6266375e-001 -7.9595561e-001 -8.4871301e-001 -9.5019520e-001 -1.0720872e+000 -7.9615699e-001 -8.4168026e-001 -6.5671280e-001 -6.8242252e-001 -3.5950697e-001 -2.6374979e-001 -1.4822077e-001
 -4.2779165e-002  4.4834214e-001  7.5202659e-001  8.8615623e-001  9.9982349e-001  9.2815022e-001  5.7487915e-001  6.3354059e-002 -4.2698009e-001 -7.1401893e-001 -1.0955267e+000 -8.6703970e-001 -9.4102726e-001 -7.6667920e-001 -3.0392424e-001  1.8089294e-002  4.4737583e-001  8.7446321e-001  1.1317016e+000  7.6368897e-001  6.3404877e-001  2.3771410e-001 -1.0642571e-002 -8.9543953e-001 -9.8208062e-001 -1.0440193e+000 -9.4471297e-001 -7.4401009e-001 -6.3861801e-001  1.2127284e-001
 -1.3947962e-001  5.0424634e-001  8.8579617e-001  1.0152130e+000  9.8891417e-001  6.8353031e-001  5.3658829e-001  9.0751354e-002 -3.2480784e-001 -6.2812656e-001 -8.1286433e-001 -8.7577968e-001 -8.9146886e-001 -4.5337915e-001 -1.2200784e-001  3.6943886e-001  7.7223161e-001  9.0446773e-001  1.0160896e+000  9.0508009e-001  7.3733643e-001  2.5228989e-001 -1.4713468e-001 -3.7414093e-001 -7.0972351e-001 -9.5413027e-001 -1.0465307e+000 -5.6264789e-001 -2.3385554e-001  1.0969339e-001
 -2.1363559e-001  2.6877748e-001  4.5552688e-001  7.1632786e-001  6.2444301e-001  9.5115275e-001  8.2421462e-001  1.1787999e+000  9.5719486e-001  1.0157281e+000  8.2783562e-001  8.1926903e-001  5.0462429e-001  2.9862206e-001  8.4912978e-002 -1.9222314e-001 -2.2240344e-001 -5.6920044e-001 -7.9516193e-001 -8.9994482e-001 -1.0604154e+000 -1.1626864e+000 -1.0270864e+000 -8.7828297e-001 -8.0223661e-001 -7.1120899e-001 -6.4359342e-001 -1.6839056e-001 -1.3254195e-001  2.2925662e-001
  1.1283335e-001  6.4358548e-001  8.7552789e-001  9.3451394e-001  8.6339501e-001  6.8804488e-001  4.9006836e-001  2.2761432e-001 -3.3191235e-001 -8.8064334e-001 -7.7013741e-001 -9.6944115e-001 -9.3778183e-001 -6.1373931e-001 -2.3369497e-001  1.5729831e-001  6.5423166e-001  8.2686997e-001  1.1876989e+000  9.4799484e-001  5.5424550e-001  4.1003927e-001 -1.7195428e-002 -5.8672603e-001 -7.7687777e-001 -1.0160338e+000 -9.4476022e-001 -7.7211426e-001 -3.5398794e-001 -1.7696860e-002
  3.6308065e-002  2.3256499e-001  4.1846009e-001  6.6420854e-001  7.5177076e-001  9.2132418e-001  1.0996854e+000  1.1135058e+000  9.0850338e-001  9.0661817e-001  9.2836908e-001  7.6575755e-001  5.8622553e-001  4.1910366e-001  2.2902965e-001 -9.0401675e-002 -2.6759572e-001 -5.7058609e-001 -5.5419828e-001 -8.2852151e-001 -8.7791337e-001 -9.0525347e-001 -9.5963334e-001 -1.0602222e+000 -7.7208394e-001 -6.6155566e-001 -5.5158532e-001 -5.7771260e-001 -1.0259212e-001  1.9629674e-001
 -1.3341621e-001  4.0504513e-001  8.1153424e-001  1.0198638e+000  1.0684322e+000  7.3117009e-001  4.5556004e-001  6.9971557e-002 -2.4716624e-001 -8.7064397e-001 -9.0916197e-001 -1.0498192e+000 -8.4171963e-001 -4.6071271e-001 -1.9236193e-001  1.0853875e-001  5.6807634e-001  9.0461294e-001  9.4555554e-001  8.4869604e-001  7.3371956e-001  2.7816167e-001 -5.4588420e-002 -3.5601548e-001 -8.6325705e-001 -9.9231802e-001 -8.3564477e-001 -6.8839151e-001 -5.8306204e-001 -4.5747754e-002
 -1.5787647e-001 -6.7354732e-003  4.7250628e-002  8.7460623e-002  6.2400650e-002 -1.4516369e-002 -3.3221555e-002 -2.9771051e-003  6.4444457e-002 -4.7364294e-002 -1.4559622e-002 -1.4754275e-001 -9.8179637e-003  9.6815163e-002 -8.3624037e-002  7.7957886e-002  1.2762666e-001 -6.2019789e-003  6.6338768e-002 -1.2397927e-001  1.9228644e-001 -9.1212176e-003 -1.5474773e-001  8.3036064e-002 -6.8569616e-002 -2.6234154e-002 -4.8907084e-002 -5.5319798e-002  6.1149509e-003 -2.3016655e-003
 -1.1299333e-001 -1.5747283e-001  2.9553497e-002 -6.0175939e-002 -4.4223163e-002 -6.8905298e-003 -9.7556060e-002  3.0860579e-002 -1.1061310e-001 -1.9495493e-003 -8.5282670e-002 -1.4453983e-001  6.8871378e-002  1.8384086e-001 -5.3781481e-002  6.0980305e-002  9.6726809e-002 -1.4654037e-001 -6.5299835e-002  1.6174131e-003  1.5340004e-001  1.9363399e-001  1.4052318e-001  6.9686677e-002 -9.1729974e-002  2.7754863e-003  7.4906924e-002 -1.6377083e-001 -1.1609832e-001  1.3360850e-001
  9.9293290e-002  9.9015555e-002  6.7299680e-002 -1.7219600e-001  2.0753345e-001  1.9377753e-001 -2.8051774e-002 -9.7343778e-002  7.9611995e-002  1.7141724e-001  1.3587316e-001 -5.4509219e-002 -3.1115332e-002 -3.2642990e-002  2.3187842e-003 -6.5913541e-002 -2.6724218e-002 -5.3898128e-002 -4.7353266e-002 -1.0230760e-001 -5.3365713e-002 -1.2230968e-001  8.4302956e-003  9.2266275e-002 -1.8889443e-002  8.6391178e-002 -2.1181979e-001  2.8326383e-002 -1.3896490e-002 -2.6446289e-002
 -1.0709197e-001  2.3037268e-001  3.7913641e-001  6.7980035e-001  7.3660728e-001  8.3109884e-001  1.1314754e+000  1.0395106e+000  9.8634626e-001  1.0355283e+000  6.8579868e-001  6.5417931e-001  4.9854229e-001  1.2486388e-001  1.3748883e-001 -1.6388613e-002 -3.0512499e-001 -5.7324799e-001 -8.1789284e-001 -8.7707742e-001 -8.3031972e-001 -9.4279268e-001 -9.0822200e-001 -8.2596184e-001 -8.5600787e-001 -8.1920609e-001 -4.4993452e-001 -4.3780954e-001 -2.0937163e-001  2.8064789e-002
 -5.4024551e-002  4.8822110e-001  7.5413832e-001  8.3634059e-001  9.4613078e-001  1.0773625e+000  4.6696984e-001  9.1135260e-002 -3.4839029e-001 -7.1407035e-001 -1.1103331e+000 -9.6045352e-001 -6.6199196e-001 -5.4078293e-001 -1.4561256e-001  2.6977885e-002  7.5800683e-001  8.3263352e-001  8.4368569e-001  9.5704656e-001  6.3661080e-001  3.8636550e-001 -1.8341306e-001 -4.0770688e-001 -8.4173312e-001 -8.9913809e-001 -1.0445429e+000 -6.8053833e-001 -4.1424619e-001  6.6864931e-002
  1.8041274e-001  5.1348132e-001  9.2025051e-001  8.3098427e-001  1.2106806e+000  8.1567111e-001  4.1346090e-001  5.0717000e-002 -3.9933518e-001 -5.6270600e-001 -8.8201537e-001 -1.0622410e+000 -9.6868167e-001 -5.0222952e-001 -1.1540852e-001  3.9469979e-001  2.6954965e-001  8.1841889e-001  1.0296439e+000  9.6681082e-001  6.9430074e-001  3.1748781e-001 -5.8655819e-002 -3.4911761e-001 -8.5927291e-001 -1.0946955e+000 -8.5792891e-001 -7.7014570e-001 -4.5756387e-001  4.6236040e-002
 -4.2391764e-003  2.9236537e-001  4.6053099e-001  6.3958032e-001  8.9912028e-001  6.9037811e-001  9.2405094e-001  1.0429439e+000  9.1717753e-001  9.7399902e-001  7.1474360e-001  4.9001649e-001  5.4992310e-001  4.1481465e-001  6.7801594e-002  7.0853537e-002 -3.0208306e-001 -4.1948208e-001 -6.0647458e-001 -8.5954420e-001 -1.0137062e+000 -1.0399427e+000 -1.0281338e+000 -1.0715010e+000 -7.1038704e-001 -6.4715198e-001 -5.5833845e-001 -4.7061843e-001 -1.6757613e-001  8.6145777e-002
 -5.3122067e-002  4.5151232e-001  4.8042918e-001  4.6925172e-001  7.1397034e-001  9.8305517e-001  7.4505660e-001  1.0716677e+000  9.6367414e-001  8.9835199e-001  1.0535550e+000  6.2173066e-001  5.8606785e-001  2.8569033e-001  2.2380475e-001 -8.2474219e-002 -5.0366498e-001 -4.3525177e-001 -6.2921852e-001 -7.6385245e-001 -1.0382347e+000 -9.5133061e-001 -1.0260584e+000 -8.9974212e-001 -6.6750801e-001 -7.7527465e-001 -6.4869468e-001 -6.0548314e-001 -9.6746440e-002 -1.0857850e-001
 -8.5672078e-002  7.2228702e-002 -3.3924867e-002 -3.2394303e-002 -8.7544948e-002  4.4593419e-002  3.4695440e-002 -3.5255393e-002  9.7687899e-003  4.1977905e-002 -2.0792106e-002 -2.2305793e-001  1.4125028e-001 -1.9767400e-004 -2.3012380e-002 -6.9892179e-002 -2.5637088e-001 -1.1486618e-001  1.4248424e-002  7.8661868e-002  1.6849530e-001 -2.3687630e-002 -2.9480789e-002 -3.9136993e-002  6.4001127e-002 -1.7823258e-001 -2.1544738e-001 -8.7595569e-002  1.4648698e-003 -1.0183103e-002
  3.1252474e-003  3.7094907e-001  6.8550957e-001  9.0498356e-001  9.2019138e-001  8.8164511e-001  3.0139566e-001  2.9823325e-002 -2.8684527e-001 -7.3749774e-001 -9.5058490e-001 -1.0337768e+000 -8.1253873e-001 -6.5071250e-001 -4.1365134e-001  8.7195265e-002  5.8068975e-001  8.4146468e-001  9.4461473e-001  7.8049210e-001  8.4284729e-001  2.4459034e-001  1.0213199e-002 -4.5419639e-001 -7.2155119e-001 -9.5705167e-001 -9.8244851e-001 -9.2909230e-001 -4.6673904e-001  4.9393081e-003
 -7.7613305e-003  4.1238539e-002  1.7564362e-001  1.3310904e-001  1.0071691e-001  4.3435298e-002  1.1556101e-001  1.6191755e-003  1.1866711e-001 -1.1567267e-001  6.4133048e-002 -1.7822510e-001 -6.2033100e-002  6.5839618e-002 -2.1779739e-002  6.8486221e-002 -3.5414118e-002  1.7545907e-001 -8.9434452e-002 -9.6839580e-002  1.0492090e-001 -4.6059779e-002  2.2466543e-001  1.3557313e-001  6.8638348e-002 -8.9194229e-002 -1.2481171e-001  9.4235157e-002  9.7200419e-003  2.5553591e-002
  8.4190311e-002  7.0794066e-002  9.7077574e-002 -4.3672063e-002 -1.6417538e-001  1.6157330e-001  1.2446126e-001  4.9173383e-004  1.0086258e-001 -1.7099048e-001 -1.9912792e-001 -6.9118480e-002  2.7287309e-002  8.0324361e-002 -1.2510177e-001 -1.2911784e-001 -1.4052859e-001 -1.6359143e-001 -1.2178984e-001  1.1583183e-003  1.0573859e-001  6.9900359e-002 -2.2023524e-001  6.2673964e-002  1.3709833e-001  7.2345789e-002  4.5860554e-002  1.8291866e-002 -1.6862820e-001 -4.8335678e-003
 -5.5217067e-002 -2.1251409e-001  7.2584546e-002 -1.1797492e-002 -1.1027915e-001  2.0374277e-001  4.9610819e-002  8.7825028e-002  1.2065403e-001 -5.3736053e-002 -9.6117126e-002  1.0831961e-001 -1.2107188e-001 -1.1286189e-001 -8.8997119e-002  2.2302280e-001 -4.3877040e-002  4.0851827e-003  4.1742587e-002 -1.6276983e-001  4.1721525e-002  1.3039179e-001 -1.7990011e-002  1.9053869e-002 -8.7772393e-003  4.5941819e-002 -6.3593940e-003 -1.1077236e-001  8.4121207e-002 -5.2880565e-002
  9.3411663e-003  7.5061897e-002 -1.0569067e-001 -1.7172613e-001 -2.0233775e-002 -8.0988014e-002  2.9667187e-002  3.3822546e-002  4.7419466e-002 -2.1588452e-001 -1.4192743e-001 -3.3280132e-002 -2.4920309e-002 -3.4037209e-002  8.6901129e-002  1.5707220e-001 -2.0279542e-002  1.0520354e-001 -1.5530291e-001 -9.6871399e-002 -9.5677642e-002  8.7888438e-002 -1.1468826e-001 -7.4053357e-002 -4.4885134e-002 -9.8075095e-002  4.9603127e-002  9.4851568e-002  1.0895105e-001  3.8308158e-002
  1.5395863e-002  5.7282246e-001  9.0477946e-001  1.0886512e+000  1.0920314e+000  9.3085165e-001  6.0710783e-001  9.0118686e-002 -2.7052410e-001 -6.4661374e-001 -8.4819280e-001 -1.0270716e+000 -8.0113869e-001 -6.2262911e-001 -3.1540388e-001  1.9335359e-001  7.2792892e-001  7.8556226e-001  1.1668088e+000  1.0501506e+000  7.0402571e-001  2.0421809e-001 -1.0172628e-001 -3.5954418e-001 -8.5145167e-001 -9.3219616e-001 -1.0332164e+000 -7.1149437e-001 -4.7867795e-001 -8.5993019e-002
 -1.5940960e-001  7.6023395e-002  4.4160776e-001  5.2853083e-001  6.9095821e-001  8.5439885e-001  9.3570010e-001  1.0029667e+000  9.4983000e-001  9.6230702e-001  7.5273185e-001  7.0935673e-001  5.8353378e-001  3.5785074e-001  8.6228922e-002 -4.3618615e-002 -4.6394197e-001 -5.7786650e-001 -7.4428392e-001 -9.2612806e-001 -9.9616047e-001 -9.6199324e-001 -1.0322219e+000 -9.6505907e-001 -8.8571846e-001 -6.8756903e-001 -5.5934082e-001 -4.1553502e-001 -3.9380597e-002 -9.2798676e-002
 -3.4411128e-002  9.5241433e-002  3.4320987e-002 -9.7292371e-002 -1.3399602e-001  9.5391397e-002  6.0284039e-003  9.0373428e-002 -1.3436531e-001  2.0818672e-001  1.0412680e-002  1.2406632e-001  5.5337397e-002  3.8631973e-002 -1.3212773e-002 -8.3294318e-002  1.8429868e-001  2.3251982e-001  6.7365226e-002  6.8237963e-002  1.9274093e-003 -7.8353991e-002  2.9535073e-002  9.6522541e-003  1.0636968e-001  3.0761485e-002  1.1810874e-001  2.4174435e-002 -9.2145511e-003  3.2653515e-002
 -1.0231379e-001 -1.0411789e-001 -2.1816760e-002 -4.1017327e-002  3.5356170e-002 -1.3521415e-002  5.0882606e-003  1.4727714e-001  6.1448115e-002 -8.3518227e-002 -2.4548636e-001  1.6008512e-001 -6.6642572e-002 -3.3711867e-002  1.1230411e-001 -2.9585089e-002 -1.8172571e-001  2.7785349e-002 -8.8127766e-002 -4.9354482e-002 -1.0968364e-001  3.1342816e-002  4.6471696e-002  5.9118479e-002  3.3907444e-002  1.4805003e-001 -3.2744318e-001  7.8420968e-002 -1.2809080e-002 -1.9875113e-002
 -4.8673385e-002  4.2728416e-001  7.9566518e-001  7.6520425e-001  9.1473760e-001  6.2974457e-001  5.7946351e-001  1.0914612e-001 -2.2149588e-001 -6.9339009e-001 -9.1248123e-001 -1.0343082e+000 -9.4620301e-001 -8.4176528e-001 -2.7019445e-001  2.7738001e-001  8.9503031e-001  7.5028484e-001  1.2147675e+000  1.0146459e+000  5.5640371e-001  2.8772453e-001 -6.4638556e-002 -5.3420176e-001 -7.3843316e-001 -9.8015613e-001 -1.1295816e+000 -6.6925312e-001 -5.1819259e-001  1.1602353e-001
  2.7051123e-001  4.7682564e-001  3.2431998e-001  5.9561425e-001  5.8784568e-001  8.2154582e-001  9.5705575e-001  1.0424177e+000  9.3697405e-001  1.0587024e+000  7.3618494e-001  6.3481389e-001  4.3107424e-001  3.5837386e-001  5.0210325e-002 -1.1497310e-001 -2.0597959e-001 -3.1950383e-001 -6.9838517e-001 -7.7298436e-001 -9.3987673e-001 -9.7420995e-001 -9.5050205e-001 -1.0611382e+000 -8.1050719e-001 -7.2553486e-001 -4.1280273e-001 -4.7760888e-001 -2.1944923e-001  9.1260315e-002
 -1.3301896e-001  2.8703164e-002 -1.3053963e-001  7.9134547e-002 -6.6811196e-002  1.1709564e-002 -9.7835597e-002 -7.3051818e-002 -2.2623291e-001  5.2356689e-002  3.7793874e-002 -4.6323052e-002  9.8888511e-002 -5.7772662e-002  4.5547944e-002  1.7333268e-003  2.0821140e-001 -1.9424198e-001  4.7973666e-002 -1.9228577e-001 -1.3057250e-001  9.6630093e-003  6.2889162e-002 -1.4204998e-001 -1.5504471e-001 -1.8761547e-003  4.4270654e-002 -1.0353588e-001  2.0538689e-002 -1.4511392e-001
  6.5299166e-002  1.1535378e-001  4.8641416e-001  4.7746631e-001  7.7123399e-001  9.2901682e-001  8.5678332e-001  1.1578340e+000  1.0330857e+000  8.3882301e-001  8.7882569e-001  7.6322122e-001  7.0658332e-001  3.8925167e-001  3.3345070e-001 -8.0983144e-002 -5.3233791e-001 -4.5664374e-001 -9.2588723e-001 -8.7371212e-001 -9.8420814e-001 -1.1043109e+000 -9.0553722e-001 -9.6652492e-001 -7.3867815e-001 -6.8140149e-001 -5.0469689e-001 -4.2918504e-001 -2.8564099e-001  7.0637897e-003
 -8.3734962e-002  2.3586672e-002 -3.3769120e-002  1.5965609e-001 -4.3205512e-002  5.2528228e-002 -5.4848162e-003  2.1211212e-001  9.1608257e-002  3.6387548e-002 -7.0049915e-002  9.6941165e-004  1.1569690e-001 -6.6434156e-002 -1.7143902e-001 -5.9673460e-002  7.4461095e-002 -4.7723125e-002 -1.0313342e-001 -1.1467683e-002 -1.8943814e-001 -1.0380058e-001 -3.0650896e-002 -9.7016035e-002 -2.3137323e-002 -1.9667190e-003 -3.6389361e-002 -1.5473973e-001 -1.8373751e-001  8.0532548e-002
  8.8456650e-002  4.0311862e-001  8.0149331e-001  1.0030136e+000  8.2800138e-001  8.7909478e-001  5.4245066e-001  2.2624889e-001 -1.8382665e-001 -7.2743638e-001 -1.0018954e+000 -9.2874613e-001 -8.7774581e-001 -5.3414267e-001 -2.5513037e-001  2.0021876e-001  7.6343420e-001  8.5391770e-001  9.6007311e-001  9.6069875e-001  6.2663190e-001  2.6266776e-001 -9.4852432e-002 -3.0951803e-001 -6.9624668e-001 -1.1296746e+000 -1.0891416e+000 -7.2179270e-001 -4.9595690e-001 -9.8603986e-002
 -5.6644152e-003  5.7963684e-001  7.9173953e-001  9.5403529e-001  9.6122905e-001  6.6485764e-001  5.7174305e-001  2.4842163e-001 -3.2009868e-001 -8.4682176e-001 -9.3263376e-001 -1.0529819e+000 -8.3343645e-001 -5.8907272e-001 -2.0894347e-001  2.3212626e-001  6.1473385e-001  8.7061782e-001  1.2415257e+000  9.1932658e-001  7.8579600e-001  4.8339612e-001 -7.8865961e-002 -6.2536225e-001 -8.6615303e-001 -9.4788582e-001 -9.7072507e-001 -8.7712213e-001 -3.6233712e-001  2.0160626e-002
 -1.0515544e-001  2.6287975e-001  4.2396998e-001  3.9643294e-001  8.0577314e-001  7.8972270e-001  1.0073276e+000  1.0056275e+000  9.4176036e-001  9.2128858e-001  6.6320432e-001  4.7588624e-001  5.8573725e-001  3.0649983e-001  3.8597877e-001 -2.6800463e-002 -4.0586147e-001 -4.0657763e-001 -5.3186380e-001 -9.6414986e-001 -9.2130308e-001 -1.0990824e+000 -1.0696723e+000 -8.9515455e-001 -9.4174582e-001 -7.0027100e-001 -6.6017353e-001 -2.4100422e-001 -1.6485884e-001  1.3726632e-001
  1.1046278e-002  2.9256561e-001  4.3285087e-001  7.2503134e-001  9.2790491e-001  7.5275779e-001  1.0474585e+000  1.0447220e+000  1.0112376e+000  8.6718788e-001  7.9694708e-001  8.3523560e-001  4.5966437e-001  3.9584464e-001  1.7551121e-001 -4.7332225e-003 -2.9148083e-001 -4.9205927e-001 -6.4791797e-001 -8.2602842e-001 -1.0253342e+000 -1.1214563e+000 -9.1244725e-001 -9.6519994e-001 -9.8624985e-001 -8.4086570e-001 -7.5389767e-001 -4.0095626e-001 -1.9321669e-001 -2.5483523e-001
  2.5098539e-002  2.4256975e-001  4.1477999e-001  6.2421195e-001  8.3946450e-001  1.0011118e+000  1.0185686e+000  8.3704794e-001  9.1107165e-001  1.0004110e+000  8.3069832e-001  5.5522493e-001  5.6832977e-001  2.8273855e-001 -4.6121380e-003 -1.2158944e-001 -3.2802364e-001 -8.3087832e-001 -7.5899893e-001 -8.7485151e-001 -9.2300773e-001 -1.0857468e+000 -1.0793974e+000 -9.9366692e-001 -8.8736932e-001 -7.7084799e-001 -5.8309673e-001 -3.8299834e-001 -2.1153863e-001 -1.2148761e-002
 -1.9485193e-001  2.6472130e-001  6.0096699e-001  5.4338552e-001  7.4004338e-001  7.3312460e-001  9.0379040e-001  1.2574882e+000  9.7290353e-001  9.1363847e-001  8.6864303e-001  6.0794044e-001  5.3195060e-001  2.6649771e-001  5.5230710e-002  1.5668941e-002 -2.3166488e-001 -5.4320016e-001 -7.8470546e-001 -9.4071846e-001 -8.2375544e-001 -1.0934885e+000 -1.0438847e+000 -1.0218887e+000 -8.9864140e-001 -6.7254578e-001 -5.2120679e-001 -5.3948961e-001 -1.4719689e-001  1.0008073e-001
 -8.3855068e-002  2.1041149e-001  6.2109888e-001  1.0243719e+000  1.1873274e+000  1.0612136e+000  5.2539736e-001 -3.5976001e-002 -4.8472949e-001 -3.8321657e-001 -7.5538987e-001 -8.8693096e-001 -1.0008721e+000 -5.0684524e-001 -2.4014391e-001  2.8755098e-001  5.8447356e-001  8.6742122e-001  1.0203253e+000  8.8194272e-001  6.8376280e-001  1.6190441e-001 -1.8430723e-001 -5.2366464e-001 -6.6697739e-001 -1.0565687e+000 -8.7797531e-001 -6.3539310e-001 -2.1216953e-001  1.2451496e-001
 -9.0636636e-002  1.7657208e-001  6.0226321e-001  5.0544492e-001  7.9762703e-001  1.0255341e+000  1.0100612e+000  8.9540314e-001  9.7195096e-001  1.0077779e+000  6.6589720e-001  5.9206853e-001  5.0161907e-001  1.4374493e-001  6.3610725e-002 -1.3336952e-001 -3.9764663e-001 -3.8834497e-001 -7.5678992e-001 -7.9427249e-001 -7.8324213e-001 -9.2498276e-001 -9.7719546e-001 -1.1543628e+000 -9.5888465e-001 -6.8321097e-001 -5.9440423e-001 -5.9487569e-001 -2.8163246e-001 -1.3892319e-001
  1.4305491e-001  3.2773050e-001  8.8337560e-001  8.5410642e-001  9.1131549e-001  8.8595120e-001  3.8774324e-001  1.1079690e-001 -2.7595849e-001 -5.9660622e-001 -6.6562194e-001 -1.1456719e+000 -1.1800598e+000 -5.2336801e-001 -3.1872348e-001  1.3191871e-001  5.1648387e-001  8.9420068e-001  1.0733174e+000  1.0271083e+000  7.9368020e-001  3.3133625e-001 -4.1881552e-001 -5.5855411e-001 -8.4960800e-001 -9.8665471e-001 -1.0328430e+000 -8.9369412e-001 -6.7090500e-001  5.0714533e-002
  7.6302991e-002 -9.5024349e-004  5.3330300e-002 -8.7196507e-002 -1.3633760e-001  1.5185843e-001  1.1386999e-001 -1.1585448e-002  1.0599312e-001 -1.8714459e-002 -1.1121853e-001 -7.8405852e-002 -2.2937640e-001  3.8421595e-002  6.2712992e-002 -5.2291881e-002  2.8725709e-002  3.1253334e-002 -5.7279201e-002 -6.2452394e-002 -2.6543194e-001 -7.9696209e-002 -1.7502250e-002 -1.3629518e-001  3.1659220e-002 -5.0508076e-002  4.5467224e-002 -1.4084583e-002  2.1862796e-002 -3.3256003e-002
  1.1759063e-001  4.1493756e-002  3.4652022e-001  7.7319254e-001  1.1254886e+000  7.9324486e-001  9.6824141e-001  1.1243533e+000  7.8784424e-001  9.4184343e-001  8.4685760e-001  5.3484181e-001  4.1333835e-001  4.2760158e-001  1.6982823e-001 -2.4469931e-001 -3.0908373e-001 -3.8764826e-001 -7.0725630e-001 -8.8474645e-001 -6.8920797e-001 -8.8227039e-001 -1.0874189e+000 -9.7997864e-001 -7.6818733e-001 -7.6622917e-001 -4.7665185e-001 -3.3400328e-001 -3.6915452e-001  6.3294562e-002
  1.4454955e-001  5.3641705e-001  6.2262303e-001  8.5182169e-001  1.0759178e+000  8.9712799e-001  4.4843428e-001  2.1479954e-002 -2.6130334e-001 -6.6237656e-001 -9.3157224e-001 -8.7663641e-001 -1.0567658e+000 -6.7515516e-001 -1.4995354e-001  1.6492782e-001  7.1537246e-001  8.5701849e-001  9.7972165e-001  9.6104786e-001  7.0375555e-001  3.4068062e-001 -1.3611114e-001 -5.5128585e-001 -7.4280837e-001 -1.0435511e+000 -1.1203901e+000 -9.1311451e-001 -5.0512996e-001  3.7978516e-004
  1.9403366e-001  1.0972027e-001  4.1688505e-001  5.3963181e-001  6.8123385e-001  7.0035304e-001  9.0682165e-001  9.5966012e-001  9.8636183e-001  8.9696010e-001  6.9712919e-001  5.9886970e-001  3.7698148e-001  1.2168568e-001  2.0690880e-001 -9.5049893e-002 -2.6981618e-001 -5.6694837e-001 -6.0434928e-001 -7.7351031e-001 -9.5177584e-001 -1.0695404e+000 -8.0347983e-001 -8.4985407e-001 -9.7605043e-001 -6.3631248e-001 -5.6550654e-001 -5.2918986e-001 -2.1626639e-001 -6.4549200e-002
 -1.8107707e-001  5.4510694e-001  8.0705569e-001  1.0000087e+000  9.7963033e-001  8.3859629e-001  5.8083812e-001  1.3777802e-001 -3.6546066e-001 -7.2503322e-001 -9.9887074e-001 -9.9497204e-001 -7.8909861e-001 -4.6744944e-001 -1.2717185e-001  8.7176002e-002  6.9971775e-001  1.0355407e+000  1.0656584e+000  8.6979457e-001  5.7252479e-001  3.4226164e-001  8.2861153e-002 -5.8546834e-001 -8.7902927e-001 -1.0668729e+000 -1.0863113e+000 -8.9001516e-001 -3.6736411e-001 -8.4021658e-002
  4.1873187e-002  4.4426199e-002  1.7391478e-002 -8.3983734e-002 -4.2972163e-002 -9.8777469e-003 -1.1114812e-001 -3.9124497e-002  8.7312148e-002  1.0443762e-001  1.1217966e-001  3.5864359e-002 -8.0744934e-002  4.7679973e-002 -6.0362751e-002  5.4005300e-002 -3.9739577e-002  1.4678773e-001 -4.8448623e-002 -1.7818510e-001  6.4879804e-002  8.5843922e-002  1.6548746e-002  3.5777965e-002 -5.0833245e-002 -1.0916698e-001  2.3541608e-001 -2.9750976e-002 -1.2507080e-001  7.8100100e-003
  2.1782393e-002  4.7473891e-001  8.2047856e-001  9.9657552e-001  1.0180684e+000  8.6348843e-001  5.1474769e-001 -1.6452730e-002 -2.3700595e-001 -6.3923847e-001 -1.0200176e+000 -1.0032690e+000 -8.0947001e-001 -6.5325609e-001 -2.0857457e-001  8.0711607e-002  7.7524422e-001  8.3105931e-001  8.0330024e-001  8.3647977e-001  4.9176984e-001  3.4444658e-001 -1.0873640e-001 -4.2497513e-001 -9.9707215e-001 -8.8659939e-001 -9.3297222e-001 -7.2637995e-001 -5.0734268e-001  2.6506189e-002
 -2.7576746e-002  3.1921318e-001  9.0288895e-001  1.1296359e+000  9.4589698e-001  7.8851567e-001  5.4491317e-001  9.0833637e-002 -3.0960637e-001 -7.4447013e-001 -9.5932145e-001 -1.0566696e+000 -8.0147735e-001 -6.9010934e-001 -1.2185588e-001  3.2308466e-001  7.6609981e-001  8.2873139e-001  9.2259894e-001  8.7479275e-001  6.3378184e-001  1.8772783e-001 -1.4710174e-001 -6.4246449e-001 -7.9157831e-001 -1.0714168e+000 -1.1230188e+000 -6.6826355e-001 -4.7258210e-001  7.9757379e-003
 -6.2349708e-002 -9.2606143e-003 -3.8743099e-002 -9.6400882e-003 -7.1114313e-002  8.2368574e-002  4.1358922e-002 -2.1514338e-003  2.9833273e-002 -3.2661767e-002  2.1751697e-002 -1.8539710e-001 -6.4548407e-002 -9.4277059e-002 -1.2734479e-002  1.2787988e-001 -1.1222343e-001 -1.0724774e-001 -1.2495573e-001 -1.4837184e-001 -2.0374363e-001  6.2360142e-002  8.4038844e-002 -1.0525814e-001 -2.6583840e-002  1.8772579e-002 -2.8181969e-001 -2.7206579e-002 -5.6372413e-002 -2.0951920e-001
 -1.9126731e-001  1.1165129e-001  5.7272292e-001  4.7544266e-001  7.9844617e-001  8.8441545e-001  9.7509737e-001  9.7623216e-001  1.0153834e+000  8.3075414e-001  8.9705356e-001  7.1272893e-001  5.9543034e-001  6.8758835e-001  2.3104446e-001  1.0973310e-001 -3.7222323e-001 -4.9837193e-001 -5.0846242e-001 -8.8567138e-001 -9.5294105e-001 -1.1388472e+000 -8.6220406e-001 -7.8888517e-001 -7.4590144e-001 -5.7596430e-001 -5.4023394e-001 -4.6893422e-001 -4.2966787e-001  9.0117461e-002
  4.9601779e-002  2.9721152e-001  5.4170050e-001  5.3325732e-001  7.7151607e-001  8.1838034e-001  8.5553196e-001  1.1383972e+000  1.0883303e+000  9.1815654e-001  6.9695555e-001  6.9323219e-001  4.9652486e-001  3.8147641e-001  4.0335488e-002 -1.4001272e-001 -2.9627165e-001 -5.0636828e-001 -6.5443714e-001 -9.3869329e-001 -8.2871097e-001 -1.0630586e+000 -1.1179116e+000 -1.0219234e+000 -9.8236843e-001 -6.7520750e-001 -5.9042167e-001 -4.8028347e-001 -1.3637699e-001  6.5545678e-002
 -4.4712371e-002  2.5473877e-001  4.5154190e-001  6.4055079e-001  9.5732490e-001  8.4570204e-001  9.0992437e-001  1.0511143e+000  8.7106802e-001  8.2875155e-001  9.5978920e-001  7.2317532e-001  6.2204397e-001  3.9720789e-001  3.8397262e-002 -6.4771433e-002 -3.7198996e-001 -3.2738944e-001 -7.4599761e-001 -6.9375642e-001 -9.0698094e-001 -1.1560926e+000 -1.0308548e+000 -7.9744350e-001 -8.5375377e-001 -7.5002803e-001 -8.4635413e-001 -3.2647100e-001 -3.0229231e-001 -1.3250504e-001
 -4.0370430e-003  1.4398632e-001  1.3317275e-002 -8.4216412e-003  1.0095073e-001  2.3494447e-002  1.8961426e-001 -1.6427158e-001  4.8045799e-002 -6.1509046e-003 -2.1896984e-002  1.2050900e-001  2.6121707e-002  6.8006384e-003 -3.1602862e-002 -1.1089714e-001 -4.7328520e-002  3.7551329e-002  1.3431599e-003 -4.1337813e-002  5.8211473e-002 -1.9042391e-001 -6.4133973e-002  2.8866654e-002 -1.2113236e-001  1.1552720e-002 -8.0794675e-002  2.8531274e-002  4.5260988e-002  3.0349493e-002
 -1.2885382e-002  4.8362754e-002  1.2896039e-002 -1.1207059e-002 -3.9266627e-002 -1.4890068e-001 -1.1075593e-001  8.5136655e-002 -3.3829184e-002 -7.6660074e-002 -4.8734443e-002 -2.6965636e-002  2.2393714e-001 -1.1715031e-002  1.6616785e-001  1.1070548e-001  4.7680385e-002 -5.6181910e-002 -1.5190408e-001  1.6995529e-001  1.7966390e-001 -6.7737315e-002  2.2051176e-002 -4.7674468e-002  5.3821769e-002  1.6431304e-001  2.8885398e-002 -8.0280043e-002  5.7983740e-002 -4.5856509e-003
  5.6387458e-002  1.2257203e-001  4.5189634e-001  6.0170590e-001  7.3131524e-001  9.5933131e-001  9.5519867e-001  1.1721930e+000  1.0667854e+000  6.3682685e-001  8.6446003e-001  7.1057922e-001  5.1029036e-001  4.5738670e-001  2.9903700e-001 -4.6209687e-002 -2.5352282e-001 -6.4664712e-001 -7.9026794e-001 -8.2335109e-001 -8.9802410e-001 -9.4818056e-001 -9.9928809e-001 -9.6887722e-001 -9.7216389e-001 -8.7122828e-001 -5.5629671e-001 -3.6972278e-001 -3.6471005e-001 -2.0382965e-001
 -8.7080054e-002  8.5236773e-002 -1.3711344e-001  6.7967061e-003  5.8876761e-002 -5.8190786e-002  7.2387377e-003  1.2120607e-001  3.6335724e-002  1.0123225e-001  2.7615552e-002 -7.6004873e-002 -6.0866546e-002 -8.0130993e-002  2.4316938e-002  1.2118434e-001  4.7952669e-003 -6.1390213e-002  4.7990119e-002 -4.0146695e-002  7.0772856e-002 -1.9974428e-001  1.7309501e-001  4.1429203e-002 -1.1618121e-001 -5.8845451e-002  2.3998889e-001 -2.3376942e-002  9.6258264e-002 -7.0241577e-002
  7.2090737e-003  3.0480552e-001  7.6354424e-001  1.0144080e+000  1.1505875e+000  8.9274474e-001  3.7844125e-001  1.8815196e-001 -2.8364022e-001 -5.9241107e-001 -9.6571523e-001 -1.0630870e+000 -8.2144716e-001 -6.1361190e-001 -1.4658999e-001  2.9462804e-001  5.4649166e-001  7.6860849e-001  8.6765375e-001  1.0051046e+000  7.4085653e-001  2.1131681e-001 -6.7264514e-002 -4.4353761e-001 -8.5571998e-001 -1.2270231e+000 -9.2153077e-001 -7.4888096e-001 -3.1419184e-001 -2.8112177e-002
 -1.2737311e-002  2.3601115e-001  5.2695430e-001  6.7818673e-001  6.5804426e-001  9.1423760e-001  1.0025658e+000  1.1116650e+000  1.2043831e+000  9.0954446e-001  7.4764163e-001  6.9222738e-001  5.6230782e-001  3.9944988e-001  2.7950926e-001 -2.1968001e-001 -2.4004347e-001 -4.9975841e-001 -8.1722889e-001 -1.0064040e+000 -9.0502988e-001 -1.1042563e+000 -1.0944263e+000 -1.0238595e+000 -1.1364404e+000 -7.2486298e-001 -5.4569367e-001 -2.6231940e-001 -1.8651205e-001  6.3986575e-003
 -2.1938120e-001  4.3750816e-002  2.4307478e-001  5.4683318e-001  8.1811013e-001  8.2093471e-001  9.2510880e-001  1.0104281e+000  9.3975744e-001  8.9218182e-001  9.0678099e-001  6.8116416e-001  6.1864289e-001  1.7157692e-001  6.0732589e-002 -1.7004431e-001 -2.7914258e-001 -4.9487758e-001 -6.7435698e-001 -9.0356007e-001 -7.3997495e-001 -1.0211284e+000 -1.1759214e+000 -9.8327331e-001 -7.1385091e-001 -7.6935307e-001 -5.9740608e-001 -4.2620799e-001 -1.6670939e-001  1.4198106e-001
 -5.7281008e-002  4.7034199e-001  5.4201076e-001  8.9933020e-001  8.8387984e-001  9.0450674e-001  6.2764402e-001  2.4614903e-002 -2.4806618e-001 -7.5672692e-001 -8.8941423e-001 -9.4499704e-001 -8.2346821e-001 -5.9256445e-001 -1.2645437e-001  2.8292014e-001  7.4428913e-001  9.7628683e-001  9.5529772e-001  9.8756786e-001  6.9664825e-001  3.5252771e-001 -1.5731862e-001 -4.1311254e-001 -8.7385745e-001 -8.5774050e-001 -1.0432383e+000 -6.0863722e-001 -5.0422323e-001  3.6424833e-002
 -9.0641756e-002  1.5731432e-001  3.5789500e-001  6.4705135e-001  7.1011388e-001  1.2321533e+000  1.0235910e+000  8.2550765e-001  1.0709976e+000  8.4431882e-001  6.6374641e-001  6.3421056e-001  4.3884244e-001  3.3564079e-001  7.5553626e-002 -5.8934002e-003 -3.4207931e-001 -5.8383893e-001 -5.3375485e-001 -8.0941991e-001 -9.0792803e-001 -1.0200345e+000 -1.0635256e+000 -9.1425598e-001 -8.8916919e-001 -7.1414547e-001 -5.0431462e-001 -4.6299181e-001 -1.5771158e-001 -1.0597836e-002
  8.8164183e-002  5.0512891e-001  8.6769801e-001  1.0211604e+000  9.7065747e-001  7.9095677e-001  6.1940787e-001  2.2608179e-001 -5.4009448e-001 -6.1205622e-001 -9.7017934e-001 -1.1025971e+000 -8.3887589e-001 -6.2964147e-001 -1.0926482e-001  1.7821865e-001  8.1354155e-001  8.8196494e-001  1.2642647e+000  8.2979189e-001  4.1971970e-001  4.3189013e-001 -1.1112431e-001 -3.4640911e-001 -6.5903672e-001 -9.5130470e-001 -1.0125033e+000 -9.1649076e-001 -1.5759702e-001  9.1276573e-002
 -2.8881524e-002 -7.1384951e-002 -1.4882627e-002 -7.6441036e-002  8.5229797e-002 -2.4616986e-001 -9.9901401e-003 -7.8816131e-002 -1.6745443e-001  3.1104576e-002 -1.1612428e-001  5.6184642e-002  2.6524922e-002  1.6751584e-001 -8.6982024e-002 -1.0591557e-001  6.7305216e-002  1.5724665e-002 -5.3486905e-002  1.9120614e-001  7.0907287e-002  4.2126446e-002 -2.0728331e-001 -4.4356424e-002  1.7731913e-001 -5.4531717e-002  6.1366379e-002 -2.0697990e-002  7.1057274e-003 -8.4043930e-002
 -6.0062531e-002 -2.0173995e-001 -1.2720291e-001  6.1005058e-002 -1.6020305e-002  4.2354938e-003 -1.9399287e-001  1.7069286e-003 -2.4026241e-001 -1.0183912e-001  2.1982922e-001  1.6294652e-001 -1.9009431e-003  6.4465901e-002  7.9268510e-002 -8.7494046e-002 -7.5949779e-002 -8.8365210e-002 -1.2682442e-001 -4.2349114e-002  1.7760364e-002 -1.8215643e-001  5.9830330e-002 -5.5505647e-002  6.0688491e-002  1.3318130e-001 -4.4997095e-003  8.1401182e-002  5.6732151e-002  1.7814670e-001
  7.3915650e-002  4.2085282e-001  6.6224145e-001  1.0357684e+000  9.2482043e-001  6.9093643e-001  5.3723686e-001  6.9312937e-002 -4.5342995e-001 -7.4471773e-001 -8.3631297e-001 -8.9323682e-001 -8.9161609e-001 -5.1815112e-001 -2.2477292e-001  2.6792593e-001  6.4169270e-001  7.5076458e-001  1.0816493e+000  1.1117846e+000  5.5146199e-001  4.9107591e-001 -1.0569780e-001 -4.7542097e-001 -9.1047018e-001 -9.0328883e-001 -9.4262337e-001 -8.7389199e-001 -1.8233150e-001 -1.5852033e-002
  1.2591636e-001  3.2153504e-001  7.6535970e-001  1.0884288e+000  9.2256118e-001  8.5800283e-001  4.4067845e-001  5.6967114e-002 -2.8490080e-001 -6.0620604e-001 -7.3739201e-001 -1.0641007e+000 -8.9284351e-001 -5.0506804e-001 -2.1377097e-001  1.2866081e-001  7.2318736e-001  8.5838336e-001  8.9898336e-001  9.6733044e-001  6.0121365e-001  3.7172349e-001 -1.1243368e-001 -4.9890420e-001 -8.7876918e-001 -1.1169093e+000 -8.7074132e-001 -7.3979969e-001 -4.2743524e-001 -1.3231326e-001
 -1.3926826e-001  4.8170678e-002  4.5062916e-001  7.0571462e-001  4.6544731e-001  7.6321374e-001  9.2363405e-001  9.7560425e-001  1.0916425e+000  8.7729574e-001  9.1888043e-001  6.4425492e-001  3.8575994e-001  2.0449609e-001  1.7119938e-001 -2.7718354e-001 -2.6225424e-001 -5.2066008e-001 -7.8801376e-001 -8.9167204e-001 -1.0312466e+000 -1.1163165e+000 -1.1736514e+000 -9.0551707e-001 -1.0749130e+000 -8.8642245e-001 -4.6652752e-001 -4.6956899e-001 -1.8751834e-001 -5.1096409e-002
